r0: [1.1, 1.1]
q0: [-0.17352, -0.17352]
