ans =

   10    1

